<?xml version="1.0"?>
<opencv_storage>
<calibration_time>"12/29/17 16:46:46"</calibration_time>
<image_width>320</image_width>
<image_height>240</image_height>
<board_width>9</board_width>
<board_height>6</board_height>
<square_size>1.</square_size>
<flags>0</flags>
<camera_matrix type_id="opencv-matrix">
  <rows>3</rows>
  <cols>3</cols>
  <dt>d</dt>
  <data>
    4.2079661289251612e+002 0. 2.0273321610912862e+002 0.
    4.2016120728723854e+002 9.9280916066087997e+001 0. 0. 1.</data></camera_matrix>
<distortion_coefficients type_id="opencv-matrix">
  <rows>5</rows>
  <cols>1</cols>
  <dt>d</dt>
  <data>
    2.0032166995860184e-001 4.3894773624595129e-001
    -5.7549394452350335e-003 4.3098251366908685e-003
    -5.4617380291692674e+000</data></distortion_coefficients>
<avg_reprojection_error>4.8072460324832711e-001</avg_reprojection_error>
</opencv_storage>
