%YAML:1.0
calibration_time: "06/28/16 17:47:15"
nrOfFrames: 25
image_width: 640
image_height: 480
board_width: 9
board_height: 6
square_size: 26.
FixAspectRatio: 1.
# flags:  +fix_aspectRatio +fix_principal_point +zero_tangent_dist
flagvalue: 14
camera_matrix: !!opencv-matrix
   rows: 3
   cols: 3
   dt: d
   data: [ 4.9357766930462259e+002, 0., 3.1950000000000000e+002, 0.,
       4.9357766930462259e+002, 2.3950000000000000e+002, 0., 0., 1. ]
distortion_coefficients: !!opencv-matrix
   rows: 5
   cols: 1
   dt: d
   data: [ -5.9148202244824260e-003, -6.4501880856867113e-005, 0., 0.,
       1.4244390493155376e-001 ]
avg_reprojection_error: 6.0415790876378428e-001
