%YAML:1.0
calibration_time: "06/03/16 11:16:31"
nrOfFrames: 25
image_width: 640
image_height: 480
board_width: 9
board_height: 6
square_size: 676.
FixAspectRatio: 1.
# flags:  +fix_aspectRatio +fix_principal_point +zero_tangent_dist
flagvalue: 14
camera_matrix: !!opencv-matrix
   rows: 3
   cols: 3
   dt: d
   data: [ 5.4738038081716206e+002, 0., 3.1950000000000000e+002, 0.,
       5.4738038081716206e+002, 2.3950000000000000e+002, 0., 0., 1. ]
distortion_coefficients: !!opencv-matrix
   rows: 5
   cols: 1
   dt: d
   data: [ -9.0536386509362410e-002, 1.6056366789768664e-001, 0., 0.,
       -2.7838817939874316e-001 ]
avg_reprojection_error: 1.8405215070684955e-001
