%YAML:1.0
calibration_time: "12/27/16 15:55:57"
nrOfFrames: 25
image_width: 320
image_height: 240
board_width: 9
board_height: 6
square_size: 26.
FixAspectRatio: 1.
# flags:  +fix_aspectRatio +fix_principal_point +zero_tangent_dist
flagvalue: 14
camera_matrix: !!opencv-matrix
   rows: 3
   cols: 3
   dt: d
   data: [ 3.5141799992262071e+002, 0., 1.5950000000000000e+002, 0.,
       3.5141799992262071e+002, 1.1950000000000000e+002, 0., 0., 1. ]
distortion_coefficients: !!opencv-matrix
   rows: 5
   cols: 1
   dt: d
   data: [ -4.0364919240528499e-002, -2.5960733391044505e-001, 0., 0.,
       5.4386118164976061e-001 ]
avg_reprojection_error: 6.3410606159998451e-001
